"GeneID"	"X3409"	"X3609"	"X3610"	"X3703"	"X3811"	"X3910"	"X3912"	"X4007"	"X4110"	"X4111"	"X4208"	"X4210"	"X4213"	"X4303"	"X4406"	"X4410"	"X4506"	"X4611"	"X4907"	"X5209"	"X5210"	"X5307"	"X5404"	"X5405"	"X5407"	"X5409"	"X5604"	"X5815"	"X6106"	"X6206"	"X6207"	"line_pvalue"	"line_qvalue"	"log2fc"
"ENSSSCG00000000625"	110	104	94	193	26	27	67	101	22	31	87	96	83	208	90	105	349	161	39	230	66	80	215	163	262	337	256	71	125	364	164	3.18462012316445e-09	1.16079403489344e-05	-1.58565794302958
"ENSSSCG00000000633"	2702	8304	5428	11238	5193	2140	7004	8608	4022	7732	7568	8597	6677	11249	7421	10956	30124	36487	7666	35226	8080	5514	12934	15093	19019	12772	27146	7356	17189	17684	21648	4.76252166481395e-07	0.000578646382274894	-1.40622069206782
"ENSSSCG00000000636"	9	590	605	13	27	26	17	97	13	60	125	12	22	99	11	64	21	3	18	7	39	20	4	5	8	8	22	11	9	14	6	2.45840210449932e-05	0.00512050038337145	2.19921082900228
"ENSSSCG00000000639"	13	158	18	47	5	13	37	107	4	35	29	7	18	50	7	55	105	29	8	39	82	13	44	40	109	92	337	9	13	245	90	2.90186344752419e-05	0.0054898755468187	-1.66512154084636
"ENSSSCG00000000651"	2	108	71	63	83	17	50	61	48	115	39	81	50	9	105	144	271	14	109	5	21	46	26	44	5	3	11	117	57	12	7	0.00193771806013199	0.0329050109341662	1.02719996437823
"ENSSSCG00000001229"	3051	64472	37926	19100	21965	23404	51359	7835	27311	65032	59024	28414	11037	8507	18500	57432	84209	5886	39225	18097	14507	32021	21339	25038	9750	14310	17381	15292	6948	16319	7178	1.82242477274608e-05	0.00442849219777297	1.07619987486378
"ENSSSCG00000001605"	20	109	18	79	44	17	60	117	25	48	29	274	363	176	135	168	312	577	110	284	118	171	400	389	297	95	324	153	200	201	206	0.0012351960863739	0.0273451025320941	-1.0388022711141
"ENSSSCG00000001942"	6	30	5	21	11	5	12	35	4	6	5	106	39	32	83	27	89	185	47	95	39	38	131	78	126	25	54	56	154	30	74	0.0047860693424836	0.0480584648852692	-1.18994579885159
"ENSSSCG00000001943"	2	9	2	6	4	3	3	15	4	8	2	47	22	14	28	10	54	74	17	40	14	13	50	45	40	8	26	21	64	20	36	0.0045020735728476	0.0470343048532312	-1.23987387900488
"ENSSSCG00000003595"	42	176	66	133	107	42	108	103	31	61	101	277	236	176	191	218	580	345	150	327	200	144	329	456	555	211	401	178	421	260	239	0.000172644370803221	0.0113791435139444	-1.09704434258461
"ENSSSCG00000003965"	15	29	22	32	17	3	20	22	8	16	7	3	9	33	5	21	70	30	22	23	19	11	21	18	32	28	38	1	14	30	9	0.000514819670997868	0.0183202418599966	-1.01331265474467
"ENSSSCG00000005385"	10	48	36	42	11	1	16	38	7	20	22	4	18	22	9	37	84	15	3	18	22	4	13	8	38	39	131	11	5	51	25	0.00252171833894366	0.0357903878628423	-1.04589510271655
"ENSSSCG00000006142"	97	373	68	387	151	116	278	735	119	100	70	2182	1027	932	898	425	1067	4245	935	1259	642	986	2068	1719	1378	433	629	721	1814	1001	1010	0.00472462212493852	0.0477704511661606	-1.10591345813036
"ENSSSCG00000006398"	23	239	77	195	276	108	671	82	81	108	191	162	127	131	154	169	106	37	53	49	39	172	78	62	66	61	98	33	45	42	14	0.000266644606044641	0.014283006485605	1.29737272262114
"ENSSSCG00000008604"	4	64	127	31	12	30	20	9	14	24	27	46	65	24	47	99	43	19	23	27	13	29	15	13	20	21	44	15	6	19	9	0.000641305973347661	0.0206863740960374	1.07348059764255
"ENSSSCG00000009051"	56	432	345	518	321	88	478	95	408	431	336	776	524	147	231	1046	381	140	446	169	130	289	121	158	130	232	196	219	260	219	262	0.000243998334078732	0.0137887430653795	1.07626185940028
"ENSSSCG00000009347"	11	5	8	15	8	1	4	20	0	13	6	6	22	7	14	15	47	34	12	23	3	12	19	17	27	26	61	10	17	14	10	0.00264329634585969	0.0363882128790159	-1.18812210912665
"ENSSSCG00000009406"	2	4	4	4	2	2	6	4	3	4	5	4	4	9	11	7	60	8	2	18	7	8	7	3	7	7	30	5	10	9	9	0.00254992225151796	0.0358974462485377	-1.19487135857254
"ENSSSCG00000010411"	13	9	1	33	1	2	2	24	1	9	1	5	2	4	1	4	109	48	1	31	18	3	4	1	1	4	48	3	33	8	20	9.74675992717611e-05	0.00929143190553017	-2.69696752623429
"ENSSSCG00000012150"	19	28	24	148	23	11	29	100	32	46	26	55	49	56	35	63	175	78	42	252	70	33	359	132	109	124	172	187	148	119	118	3.46593737514667e-05	0.00601587701543314	-1.55981259382159
"ENSSSCG00000012960"	6	15	6	17	13	8	17	27	6	16	4	34	32	51	27	27	69	71	37	85	52	21	67	63	38	27	83	37	70	45	23	0.000476554557492959	0.0177249118577738	-1.26946067499323
"ENSSSCG00000014123"	10	148	174	41	143	68	198	21	86	127	195	90	100	62	99	166	156	37	107	28	22	82	25	8	24	43	21	97	12	51	19	2.5685009674703e-11	1.87243720528585e-07	1.76192301698777
"ENSSSCG00000014562"	32	54	67	10	44	24	41	70	15	30	40	25	20	144	28	246	166	126	32	35	7	32	97	25	129	167	242	11	109	255	82	0.00106869533943832	0.0253771629462715	-1.14851169492646
"ENSSSCG00000014599"	23	4	2	36	0	0	6	19	2	0	3	3	2	31	0	4	1	0	1	14	16	1	0	2	0	18	8	0	0	78	16	1.01630930875451e-05	0.00296355794432817	-2.59956691362993
"ENSSSCG00000014832"	3	28	12	5	38	7	37	3	23	15	20	45	19	22	26	48	14	16	40	3	1	41	3	1	2	7	9	9	9	7	4	4.22439642268069e-05	0.00657793954830596	1.85183897284934
"ENSSSCG00000014875"	143	363	513	744	275	119	317	742	411	781	518	836	430	564	774	1026	3813	1286	675	1633	831	381	689	799	977	1280	2433	859	1176	1215	797	0.000373760993682581	0.016122589609148	-1.11336466827581
"ENSSSCG00000015083"	42	41	35	85	35	35	24	280	15	13	140	279	142	70	132	35	532	145	90	218	166	22	78	163	132	252	457	24	87	98	74	0.00389205811928484	0.0439308712161699	-1.33343569394091
"ENSSSCG00000015324"	393	944	555	1600	646	337	1074	1758	637	1102	1202	887	943	1135	1343	1752	8941	1821	996	3320	1128	921	1273	1422	943	2445	2470	1412	1489	1340	884	0.000678654915912347	0.0207715476461901	-1.03962540461123
"ENSSSCG00000015707"	3	11	7	11	4	0	2	4	1	5	6	5	3	7	3	22	36	8	3	12	0	0	7	8	13	9	30	5	5	28	10	0.00205397368328386	0.0330259186462994	-1.07681559705083
"ENSSSCG00000015766"	0	30	32	4	15	10	19	3	4	17	11	13	9	5	10	23	18	0	17	3	1	25	0	2	1	6	5	11	6	7	1	1.78213580115383e-07	0.000349331228589045	1.83561318209912
"ENSSSCG00000015854"	7	10	6	8	3	5	11	4	2	7	2	2	3	18	2	2	22	3	5	6	7	3	4	9	8	18	30	1	2	46	13	6.89384142285032e-05	0.00810582322138369	-1.39101240682285
"ENSSSCG00000016216"	52	162	120	201	147	65	169	459	114	151	237	143	226	165	241	329	1816	184	174	791	191	135	698	460	498	646	411	179	179	566	375	4.21487491371053e-05	0.00657793954830596	-1.47085658436868
"ENSSSCG00000016599"	60	448	174	425	47	72	226	318	20	145	125	17	52	211	89	288	715	42	54	118	208	27	140	150	207	214	1033	145	153	608	162	0.00286572262627771	0.0375282415006998	-1.20487299487085
"ENSSSCG00000016851"	5	22	61	16	63	8	19	3	16	24	25	9	14	12	95	26	46	20	123	13	8	13	14	8	16	13	22	83	11	29	11	0.00123784414754335	0.0273451025320941	1.32097695579408
"ENSSSCG00000016992"	4	52	30	5	14	7	18	4	23	55	26	38	28	10	26	29	34	16	19	6	3	8	3	6	6	8	25	12	12	11	9	4.29799396806096e-06	0.00202137947756892	1.26123216319981
"ENSSSCG00000017727"	3	90	225	6	106	5	173	4	100	190	177	67	71	5	91	157	317	4	198	8	2	5	4	3	4	6	183	50	3	5	3	0.00128523816581771	0.0279004447677748	1.67137725253863
"ENSSSCG00000020872"	369	736	481	2064	421	338	505	941	412	752	852	2049	2250	968	828	1167	6971	4297	574	3377	1929	1980	1813	1848	1514	1184	3753	987	1839	2878	1660	3.7583217202819e-06	0.00195701181006107	-1.28998961113843
"ENSSSCG00000020945"	59	98	14	119	73	2	82	105	1	72	70	65	41	196	6	0	177	178	37	164	132	44	164	143	139	181	383	95	92	244	115	0.000290066936630695	0.0144384293375214	-1.77326603147832
"ENSSSCG00000021051"	8	23	15	23	17	6	34	8	5	5	17	5	5	36	10	4	46	9	5	33	24	23	16	14	28	36	33	8	19	48	26	0.00150517266872596	0.0299175898875413	-1.00935262927209
"ENSSSCG00000021283"	6	12	19	14	11	3	48	6	5	15	28	5	5	14	20	26	460	205	9	216	81	5	81	106	8	8	162	11	69	49	12	0.00323971240707577	0.040371800765098	-2.581343618927
"ENSSSCG00000021572"	12	8	1	4	3	4	4	24	3	4	2	73	31	21	12	8	77	71	11	34	11	16	27	15	35	15	49	13	106	5	17	0.00344964967851902	0.0415668531510804	-1.28059234021993
"ENSSSCG00000022216"	14	13	5	22	1	2	8	10	1	6	12	3	11	3	6	8	36	33	5	7	13	10	7	8	19	9	28	3	7	27	4	0.00228191058530225	0.0342992333337183	-1.17762526012389
"ENSSSCG00000023108"	12	131	105	100	78	61	118	14	75	78	109	56	78	14	68	189	254	2	64	3	5	58	4	8	22	23	12	32	24	22	3	2.9369704571458e-05	0.0054898755468187	1.38249412601452
"ENSSSCG00000023256"	6	45	50	0	0	16	51	0	22	41	1	16	22	0	26	0	1	13	0	0	0	27	0	0	0	0	22	13	13	0	0	0.000312861920882201	0.0148101519690341	2.37381483655233
"ENSSSCG00000023537"	8	17	11	14	12	7	19	18	0	12	7	2	0	22	9	15	69	7	5	8	7	4	10	7	12	12	39	7	12	53	12	0.00146621065764907	0.0296004891035886	-1.10587163033491
"ENSSSCG00000023585"	50	209	57	125	97	49	96	114	34	70	77	342	313	207	211	272	584	436	163	351	231	164	306	454	713	233	411	195	484	235	272	0.000625883452454179	0.0205489817701322	-1.05026301774383
"ENSSSCG00000024132"	57	147	125	372	100	54	180	187	79	100	147	44	113	161	193	129	757	317	205	330	97	47	178	182	252	331	331	153	195	194	171	0.000333184416643428	0.0152526619097457	-1.07970177523444
"ENSSSCG00000024791"	78	1322	240	260	311	205	245	131	77	307	1655	373	342	81	223	384	308	148	291	126	97	200	188	153	141	225	262	229	105	271	138	6.79898916788879e-06	0.00242413105471426	1.32761432101997
"ENSSSCG00000024900"	13	178	110	50	48	70	189	16	61	116	221	65	69	34	67	287	96	30	44	47	46	96	43	37	34	83	109	25	26	42	14	8.1137742413695e-06	0.00253074004813086	1.26738380629684
"ENSSSCG00000025754"	3	41	10	11	20	7	11	1	9	10	34	21	32	5	16	21	33	4	5	6	6	25	4	4	4	8	9	21	7	16	7	2.39603059533078e-05	0.00512050038337145	1.14235292341133
"ENSSSCG00000026375"	6	5	6	22	10	2	3	11	8	8	4	19	11	18	27	28	66	36	10	24	12	3	41	6	26	12	15	9	45	15	14	0.002708331154055	0.0368437076170183	-1.10328780841202
"ENSSSCG00000026873"	34	62	48	1	157	24	46	19	23	134	65	75	68	0	50	191	2	3	0	28	29	102	18	1	1	56	0	0	0	0	0	0.00395333364300221	0.0443381573192094	2.44251823570095
"ENSSSCG00000027157"	2	2	3	0	19	1	2	2	32	59	2	6	4	1	34	129	20	0	2	1	1	0	7	0	1	2	2	41	3	8	6	0.00329788204753645	0.0405853599208245	2.37851162325373
"ENSSSCG00000027378"	14	149	233	105	121	37	144	24	82	147	244	197	126	51	65	437	119	39	58	32	26	37	28	28	78	66	61	39	45	111	55	6.62569812630576e-05	0.00810582322138369	1.33985264743304
"ENSSSCG00000027611"	25	12	13	140	40	18	45	93	3	13	96	132	108	135	127	129	613	180	69	182	99	118	40	63	131	116	346	223	163	200	146	0.00400766681554154	0.0446777856112968	-1.11805576152171
"ENSSSCG00000028095"	6	7	5	32	5	4	11	5	3	8	10	5	4	3	8	9	77	21	4	4	11	1	3	5	33	35	10	3	28	6	8	0.000801973909789755	0.0228048301013165	-1.47763923710997
"ENSSSCG00000028911"	13	15	11	28	16	3	18	39	21	39	14	14	20	25	16	31	296	118	27	53	15	13	35	37	41	41	47	52	80	68	31	0.000443967035173909	0.0175941704167613	-1.50364229403328
"ENSSSCG00000029096"	1	13	26	4	17	6	15	7	9	7	8	15	24	8	8	51	17	2	8	1	2	7	2	2	4	9	10	10	5	10	6	7.08614895572612e-06	0.00242413105471426	1.26605575780903
"ENSSSCG00000030268"	2	10	8	9	4	0	12	51	1	6	14	5	7	4	6	14	335	5	6	7	37	6	69	4	57	79	113	3	43	13	70	0.000210616994785973	0.0129025032940314	-2.87257623108318
"ENSSSCG00000030752"	14	9	6	17	7	2	11	18	5	11	11	7	15	18	8	20	71	21	9	13	12	28	8	21	19	28	49	4	29	27	9	2.21309601663444e-05	0.0050294745528639	-1.12190348657937
"ENSSSCG00000030797"	5	7	6	7	1	1	7	12	4	10	6	10	5	19	5	11	42	9	12	14	10	13	8	12	12	12	35	2	14	18	4	0.00251450538746623	0.0357903878628423	-1.02140247673222
