"GeneID"	"X3409"	"X3609"	"X3610"	"X3703"	"X3811"	"X3910"	"X3912"	"X4007"	"X4110"	"X4111"	"X4208"	"X4210"	"X4213"	"X4303"	"X4406"	"X4410"	"X4506"	"X4611"	"X4907"	"X5209"	"X5210"	"X5307"	"X5404"	"X5405"	"X5407"	"X5409"	"X5604"	"X5815"	"X6106"	"X6206"	"X6207"	"line_pvalue"	"line_qvalue"	"log2fc"
"ENSSSCG00000000047"	3	57	40	47	56	31	58	4	53	64	72	29	44	9	29	138	110	6	37	1	4	25	1	6	1	7	25	5	1	19	0	1.41596325207161e-05	0.00416211505921433	1.62724764603496
"ENSSSCG00000000625"	137	98	85	169	52	32	73	97	23	31	94	97	90	178	80	70	373	203	46	206	78	83	193	180	280	352	215	89	123	323	190	3.47070594486354e-08	0.000132624350918098	-1.55368917157551
"ENSSSCG00000000633"	2975	8428	5695	10732	5359	2356	6377	8421	4039	8231	6935	9200	6826	11170	6643	10834	31564	38639	7489	33135	8359	5830	12986	13515	19309	12725	27516	7300	17458	17771	23920	4.86559436629896e-07	0.000531218642063426	-1.42170311575056
"ENSSSCG00000000636"	6	605	584	15	30	25	19	81	10	76	120	14	25	107	10	51	15	4	9	8	42	14	7	5	12	9	24	13	7	23	4	8.71637828157024e-05	0.00994252552491053	2.1661728665812
"ENSSSCG00000000639"	11	128	14	36	4	7	33	88	4	28	41	4	14	51	8	43	117	30	8	22	76	9	43	35	104	97	301	7	11	227	79	6.0316623723633e-05	0.00823160351442616	-1.77957176554407
"ENSSSCG00000001228"	355	3357	1442	526	1517	965	1619	231	1214	3797	4213	1694	901	904	636	3052	4438	219	1970	1042	837	1517	1131	1137	839	1183	1707	780	100	370	107	0.000256597328385677	0.0159434559527442	1.01505131265714
"ENSSSCG00000001605"	24	61	13	49	35	9	29	91	6	33	10	212	286	128	76	108	245	463	77	181	97	133	248	233	215	66	266	113	120	126	141	0.00273111019783567	0.0417429177201953	-1.06250776036695
"ENSSSCG00000003595"	56	168	64	118	98	52	106	73	33	66	76	301	222	186	192	205	605	389	150	316	216	161	292	396	557	216	383	187	418	264	238	0.000620221439120661	0.0234696800758598	-1.08383453970367
"ENSSSCG00000003753"	25	87	58	207	55	27	40	116	72	98	88	236	260	106	105	181	641	661	70	400	228	261	160	217	127	115	480	127	193	349	189	0.000292866669383773	0.0165426081885756	-1.15567101776207
"ENSSSCG00000003965"	19	26	19	37	10	3	23	27	5	9	4	2	10	30	10	33	67	22	22	28	15	11	20	16	37	31	42	1	10	34	13	0.000185467862063859	0.0151172121041267	-1.09953567355091
"ENSSSCG00000004902"	10	16	9	42	19	5	12	17	9	19	25	10	27	28	18	30	87	46	17	39	18	15	19	19	41	40	86	27	30	24	25	0.000214487214276304	0.0152808101762927	-1.01135014779872
"ENSSSCG00000005094"	5	14	8	23	5	0	3	19	2	7	9	4	8	16	7	20	42	10	5	8	5	4	9	6	11	11	20	6	7	46	15	0.00198576433686948	0.0357087151635882	-1.10798823858174
"ENSSSCG00000005134"	4	48	34	11	22	18	26	9	12	29	21	9	19	6	1	34	20	2	9	5	6	10	5	3	10	14	21	11	2	15	2	4.27877884781047e-05	0.00656690873223103	1.16758762035076
"ENSSSCG00000005287"	5	26	15	14	4	4	9	3	7	47	37	7	12	3	3	13	6	9	7	1	1	9	6	4	5	7	10	3	5	6	1	0.000336310227649239	0.017008646078019	1.18886838719691
"ENSSSCG00000006183"	7	12	0	24	0	0	0	0	0	0	0	0	0	14	0	1	93	14	21	0	16	1	39	5	9	16	16	0	17	28	4	0.00117057912282248	0.0295013107753885	-2.57591736111815
"ENSSSCG00000006398"	36	241	77	216	283	88	538	80	101	117	160	148	76	130	118	183	86	32	61	37	54	186	82	58	44	80	81	37	49	46	5	0.00190905321966017	0.0353267293734936	1.19459793619546
"ENSSSCG00000007529"	11	25	15	36	4	3	16	20	4	17	10	7	13	19	8	20	81	47	8	19	23	12	18	17	9	20	41	12	22	11	21	0.000655771333170962	0.0234696800758598	-1.09619223047654
"ENSSSCG00000009051"	49	424	341	539	299	104	438	89	391	492	359	760	476	136	208	1086	400	170	425	167	152	271	110	127	133	261	210	220	265	243	278	0.000469956287187601	0.0202665070737014	1.00851454431559
"ENSSSCG00000009347"	9	6	12	11	5	2	3	24	5	12	5	6	8	10	10	12	65	32	17	24	10	8	19	10	20	27	64	6	22	16	20	0.000112863424578835	0.0121487143992077	-1.50274141247241
"ENSSSCG00000009578"	84	68	56	104	70	28	61	77	50	130	63	40	47	110	57	88	435	56	44	56	50	47	48	62	97	123	286	42	101	179	59	0.000120655763870214	0.0126316667860016	-1.00759354114763
"ENSSSCG00000010411"	9	8	4	20	1	0	2	22	1	3	4	3	6	4	3	7	62	43	3	23	11	1	1	1	4	7	25	2	12	12	20	0.000116905522970168	0.0124090341569376	-2.11943523098862
"ENSSSCG00000010634"	0	68	48	0	46	1	1	0	25	41	0	1	0	0	24	1	0	1	40	0	2	0	1	0	0	2	47	1	0	1	1	0.00254049004583234	0.039786260605069	2.22876450374905
"ENSSSCG00000012100"	4	6	11	9	7	3	5	5	0	3	6	6	18	6	2	6	51	6	2	21	9	2	14	16	22	16	31	0	13	13	5	0.00155065699650614	0.0320294489075626	-1.38895318874538
"ENSSSCG00000012141"	35	53	85	77	29	30	63	85	24	47	41	37	31	83	41	81	265	85	38	70	74	43	66	73	107	160	218	30	26	66	30	3.57051254744611e-05	0.00628145694907899	-1.06558834162758
"ENSSSCG00000012150"	25	25	30	135	29	12	17	105	24	43	23	42	46	66	44	55	169	85	42	238	84	23	357	124	133	130	145	174	142	102	141	4.16657430919454e-05	0.00656690873223103	-1.67729287191718
"ENSSSCG00000014034"	11	35	21	22	17	22	8	25	4	19	13	8	7	43	4	39	57	5	7	15	29	4	16	22	23	18	117	11	19	67	24	0.000668075230679799	0.0235833757529176	-1.08364978813914
"ENSSSCG00000014066"	9	27	39	1	24	12	48	8	17	42	9	29	17	12	30	62	21	16	18	12	5	21	1	8	2	15	4	14	0	18	2	0.00110957852058258	0.0290409378203847	1.5922111684588
"ENSSSCG00000014123"	10	162	189	39	140	66	144	22	83	125	163	97	100	54	92	169	184	35	86	14	19	115	21	11	17	40	31	101	10	47	14	4.37028191413447e-12	3.33998795287727e-08	1.7542529964939
"ENSSSCG00000014562"	20	34	22	3	11	15	18	73	7	20	14	10	11	114	16	169	69	83	12	10	9	17	50	9	93	100	156	3	74	168	60	0.00248751874877662	0.039553426228481	-1.39727828293369
"ENSSSCG00000014599"	35	3	3	48	1	1	2	15	0	0	3	0	3	22	0	0	4	2	1	24	13	3	2	0	3	32	6	0	0	55	14	0.000128107406734079	0.0128823796837526	-2.96248292157184
"ENSSSCG00000014832"	4	16	18	1	25	8	26	3	13	15	12	37	20	18	21	32	10	6	39	4	5	23	5	2	4	1	6	10	7	7	4	7.7481808432589e-06	0.00281978438545744	1.77293109145408
"ENSSSCG00000014871"	9	19	21	31	28	6	24	38	4	4	4	72	40	112	71	49	104	102	79	90	40	42	101	51	164	36	77	44	108	122	58	0.000958116954952737	0.0273224210008444	-1.17704716675765
"ENSSSCG00000014875"	181	407	515	704	284	144	300	751	406	878	510	936	452	523	729	1084	4082	1354	684	1427	841	377	664	717	954	1287	2317	901	1232	1212	866	0.000811252617685776	0.0254098284043588	-1.05648216314165
"ENSSSCG00000015083"	42	31	20	71	13	28	20	209	12	10	106	241	136	51	105	22	525	125	77	184	150	19	62	118	118	213	435	17	84	95	63	0.00316116451809867	0.0445064235518869	-1.46119780842906
"ENSSSCG00000015324"	463	972	543	1561	648	382	967	1660	613	1174	1181	978	962	1163	1137	1675	9655	2017	945	3222	1203	1027	1283	1322	1010	2425	2425	1344	1460	1374	999	0.000294379419515378	0.0165426081885756	-1.09828442555696
"ENSSSCG00000015766"	2	29	24	6	15	2	21	3	10	11	15	21	12	4	11	40	13	4	12	3	2	13	8	1	4	5	8	7	1	4	2	2.60658813866499e-07	0.000362335800694058	1.67807190511264
"ENSSSCG00000016216"	91	322	189	287	286	113	222	506	158	380	307	309	370	299	307	494	2376	429	249	893	252	263	732	508	601	773	667	360	319	774	452	0.000223960590526096	0.0154199893071683	-1.10618333380123
"ENSSSCG00000016851"	6	13	69	10	41	3	12	6	11	24	17	16	11	8	72	19	34	13	74	13	8	13	11	14	10	14	18	60	14	21	6	0.0020223280245758	0.0361940650610328	1.17521048460638
"ENSSSCG00000016992"	0	19	20	6	5	8	11	3	20	42	14	19	27	3	15	31	12	7	15	4	2	5	5	1	5	1	13	6	3	3	3	5.44957860415529e-06	0.00244990614601511	1.73762874979309
"ENSSSCG00000017035"	2	31	24	5	35	9	25	2	6	16	18	14	17	6	9	23	25	7	9	7	3	10	6	6	5	9	8	4	4	9	1	2.89452753514663e-05	0.00582142807562056	1.22409471656745
"ENSSSCG00000017727"	4	109	189	6	103	6	154	3	130	181	146	72	66	6	93	154	343	1	200	3	5	8	6	3	7	3	171	39	9	7	7	0.00216379240023801	0.0374996842447946	1.56559717585423
"ENSSSCG00000017986"	16	3	2	5	10	1	2	9	4	6	9	4	2	4	2	16	34	21	7	13	4	5	15	12	23	26	7	0	6	28	13	7.22896491205383e-05	0.00891086521618893	-1.42473890047114
"ENSSSCG00000020872"	343	598	437	1925	335	368	373	852	352	589	689	2061	2210	851	672	911	6111	4409	458	3071	2006	1967	1736	1695	1371	964	3645	799	1709	2860	1835	1.71828641174487e-05	0.00452827720750352	-1.37062831290721
"ENSSSCG00000020945"	36	74	5	88	50	3	60	46	4	32	46	59	29	162	2	5	120	122	43	137	93	47	112	111	109	116	274	52	77	172	91	0.000228747699513754	0.0154970164290059	-1.74602251904475
"ENSSSCG00000023108"	27	164	207	111	130	90	162	25	89	142	156	77	97	7	100	249	365	4	93	6	2	110	6	5	23	40	11	45	43	41	4	3.86298301088273e-05	0.00628145694907899	1.48093943617793
"ENSSSCG00000023256"	24	99	93	6	2	31	66	4	33	92	9	15	22	9	35	9	19	28	9	1	7	46	10	2	5	8	45	19	22	4	3	7.77711256476632e-05	0.00943437821844867	1.57514564236095
"ENSSSCG00000023537"	13	20	18	30	14	7	28	16	2	15	8	2	2	41	18	25	102	8	7	16	10	3	8	10	17	15	52	11	16	73	14	0.000855477629683854	0.0261519511394354	-1.13561063691698
"ENSSSCG00000023585"	67	214	76	99	106	48	90	107	38	89	82	386	302	247	198	289	663	512	164	294	231	159	311	439	765	267	483	210	529	271	348	0.000425445707895156	0.0194698731891541	-1.10271329654106
"ENSSSCG00000024132"	73	134	120	300	113	59	135	188	77	121	119	67	98	127	162	121	858	354	212	281	126	71	215	166	202	288	325	154	213	176	162	0.000468194062093752	0.0202665070737014	-1.10166406593236
"ENSSSCG00000024791"	80	1210	277	248	311	194	254	126	77	339	1622	381	348	98	196	395	392	157	288	121	97	247	171	136	176	251	249	260	116	252	168	4.70474392311182e-06	0.00239706702882547	1.26134842335737
"ENSSSCG00000024900"	22	239	155	66	80	105	174	26	68	163	275	67	108	47	92	287	104	52	53	69	54	123	40	30	39	109	120	41	33	67	17	8.22161115077158e-07	0.000785420790247147	1.25968728841854
"ENSSSCG00000025754"	4	35	29	6	28	8	21	1	11	19	26	20	31	5	10	17	37	9	2	2	4	31	8	4	4	6	9	18	6	24	8	1.78102036249017e-05	0.00453714937344371	1.16215104882113
"ENSSSCG00000026087"	11	30	27	37	21	5	24	17	12	27	28	25	23	44	11	33	129	85	28	63	25	11	19	14	27	37	64	11	150	29	36	0.00180327724609097	0.0340285095141982	-1.18545936631862
"ENSSSCG00000026873"	7	16	16	0	58	4	18	5	8	25	31	36	27	0	25	97	1	0	0	9	5	20	8	0	0	23	1	1	0	0	0	0.00354354929624878	0.046609930941951	2.49728591103856
"ENSSSCG00000027378"	20	136	212	81	107	28	136	32	85	159	224	199	136	35	71	420	116	48	64	23	31	34	38	18	78	64	58	43	48	106	51	6.65834567928902e-05	0.00834203391048629	1.35461058507254
"ENSSSCG00000027944"	11	2	3	23	7	4	3	4	0	3	12	3	4	16	13	10	48	5	4	6	7	3	6	4	15	14	25	2	16	9	5	0.00306689275635397	0.0438927488584929	-1.2929490279156
"ENSSSCG00000029096"	4	11	30	2	11	3	6	7	13	10	11	19	23	1	5	42	13	3	15	1	2	12	4	8	5	13	11	7	6	5	2	0.000525451195719562	0.0220646195784986	1.27079502186254
"ENSSSCG00000029329"	1	17	13	2	7	3	12	3	9	9	13	60	26	3	5	12	27	1	8	10	4	13	4	3	7	6	5	9	7	6	5	0.000906747396861474	0.0267305580977397	1.16349873228288
"ENSSSCG00000030268"	2	2	4	2	2	2	3	31	1	5	3	0	5	2	1	3	191	3	1	3	18	4	36	1	48	55	46	1	28	4	28	0.000597223734683849	0.0234065763708786	-3.2120754266613
"ENSSSCG00000030951"	12	17	7	31	7	6	10	6	5	7	9	7	3	37	4	13	27	6	6	8	5	5	8	6	6	10	39	4	13	32	20	0.00027324833617659	0.0161227100727544	-1.08065766334522
